-6.853433654930131402e-02 -6.310664521778369673e-02 -3.439190967381162978e-02 -1.826332065562873419e-01 -1.673653230282644636e-02
-2.005192741573470494e-01 -5.144091551479677837e-02 3.619466919857616816e-02 1.956811950677087020e-02 -2.820085462622704334e-02
1.400165230479452905e-01 -6.221382314702246508e-02 -9.208881869353030547e-02 4.895158723411899976e-02 6.604788992534846304e-02
-3.025481963902733329e-02 7.843487736390897247e-02 8.852366523341878568e-02 3.245084855886324476e-02 -1.941157704341641430e-03
1.399626599930108850e-01 -8.221285670628777908e-02 4.746746714752142493e-02 1.643467836354451372e-01 6.657364832167030066e-02
3.107041973714314356e-02 -1.089415838075220994e-01 2.220517753075451281e-02 1.367797025211230921e-01 6.191571961767349669e-04
-9.519571692278977482e-02 -4.422166500196412879e-03 8.618360251741616351e-02 -1.107996969910865354e-01 2.000781570194139214e-01
-4.194586904625901419e-02 8.283295764627057745e-02 1.570486215129705265e-01 5.272351889949287995e-02 6.182720843042711217e-02
6.578429451771833358e-02 -2.142041763523821474e-01 8.005366320617249287e-02 1.288661854664570616e-01 -9.670129790259254787e-02
-1.525509135123621074e-01 -3.546541544916242961e-02 -6.555022829715498323e-02 1.150213078704603042e-01 2.034756627992593409e-02
7.275051350383159032e-02 -8.050826972936524217e-02 7.791929274399980732e-02 -2.323326001531037244e-01 -1.146831498893806089e-01
-6.730101350653026893e-02 8.757307376685881384e-02 1.083081904461883488e-01 1.219299256289493594e-01 -3.950592632104184959e-02
6.144033984183139979e-02 -8.747995859807915220e-02 3.038814260217340690e-01 -6.986751980512088955e-02 -1.595215224826264724e-02
1.149783937297789160e-01 -1.317604438244933222e-02 1.572323409093032490e-02 -9.151577932325264883e-03 -4.906781008722185984e-03
5.800283310731099706e-02 8.326446705194116837e-02 -6.797484257256392048e-02 8.849731985983567972e-02 -1.872587990290466506e-02
4.121599915650885765e-02 -5.078093716734540658e-02 2.375102992864163709e-01 -1.914570909831760787e-02 -6.932342520390878671e-02
1.966986200405007601e-01 -3.125359508011053833e-02 1.053796129708059193e-01 1.757955211954797259e-01 -7.546144700748910576e-03
-9.417922838401553143e-02 -3.418916315521430827e-02 -2.052000482312794222e-02 1.358134747528544871e-02 -4.680562124446043665e-02
1.241120628966345951e-01 8.173689924718993693e-02 5.154034450331042988e-02 -4.959351129942492914e-02 2.609029014985067563e-02
1.945143195405571179e-01 2.686970895211302987e-02 -9.267504473525534081e-02 -1.723258138688503124e-02 6.835037452765622967e-02
1.469037461213911211e-01 1.737197638639642952e-02 1.129031694034277750e-02 3.592742677503406312e-02 -3.239076074890294421e-02
1.550958824308130146e-01 9.428575150663148427e-03 6.869871980232887532e-03 -5.199691243569450408e-03 8.347504275109710048e-02
2.609978278946979008e-03 -5.397176128144639401e-02 6.885867375257123668e-02 5.777353202382908698e-02 -8.115666322757135454e-02
6.303390122791943662e-02 -1.589678229991808855e-01 -9.167804764084366842e-03 1.048035532813841771e-02 -1.191757636687738736e-01
5.613977963081726030e-02 -1.856135568693868462e-02 4.648131177899583744e-03 -1.221108433927773768e-01 9.132384192325386507e-02
1.362545479068233700e-01 -1.592347822982347894e-01 -1.336698374361412200e-01 -1.783325109404440209e-02 4.174257423699111180e-02
9.085469301911491824e-02 -4.811990559335566769e-02 1.010523236607528685e-01 -9.377809699534214380e-03 1.418615832069096416e-01
-2.545304181165775059e-03 1.660793238517018020e-03 1.715319903653442779e-01 3.418369092932425635e-01 2.845493361908704721e-02
-1.120099975522297758e-02 8.076902242387823394e-02 1.159207934092091746e-01 2.193442421096539752e-01 5.411186182923534080e-03
1.534086543109244860e-01 7.589734217599991561e-02 5.782869652961732804e-02 -8.037795868226411955e-02 2.791649937618999322e-02
1.057192277018228210e-01 -6.198288876306010109e-02 2.605182912142380014e-02 1.294864687224988979e-02 -5.146775915340811441e-02
4.525356243867245665e-02 1.266256888411928239e-01 4.662966531688882144e-02 -1.502400405235773673e-01 5.229188437126882499e-02
9.101696850228740976e-04 2.681648370402874015e-02 8.742256857193680952e-02 -5.238011273719474920e-02 -2.479477547120767511e-02
1.305660705781397368e-01 4.813965042616958484e-03 6.082083088945160199e-02 -4.522740964794188384e-02 -1.905831602588134444e-01
8.139827001641901372e-02 5.349175877693326288e-03 5.214379140048988615e-02 1.174477880090847720e-01 -1.632037064659241088e-01
6.463520213893601818e-02 1.627886441962919650e-01 -1.437876954695521681e-01 5.791051387242807102e-02 9.657052804270144231e-02
1.298057884747456647e-01 -3.005540198248935618e-03 1.667136576816771742e-02 2.334523669485020006e-02 1.331488401313565550e-01
-9.235203396182702085e-03 7.203187278000007521e-02 5.526515072352832653e-02 1.035850638261253398e-01 -2.977399386456646910e-02
1.539603924824130277e-01 1.019796027254427639e-01 3.630588332320235367e-01 -4.879396929730152321e-02 -7.240626727478284563e-02
1.350097108832859771e-01 2.280467383216635419e-02 3.276012179357970511e-02 -7.743053534200697308e-02 -9.347909995745744272e-02
2.232678942129102950e-02 -5.328579379387859971e-02 2.529222643912858171e-02 5.595771136389258993e-02 -8.992354710803349485e-03
1.703426660594484915e-02 1.211669441781003526e-01 8.577683773639724341e-03 3.278431198398171903e-02 -1.803674191646242875e-01
7.268743734659850741e-02 1.184215539958199670e-01 7.765325712236387234e-02 1.092720250712552466e-01 2.915663678923476332e-01
3.761465955346425527e-02 -7.065471201265167978e-02 1.571979379022926671e-01 -4.698136237747102539e-02 -3.727139053868466778e-02
-1.177470616870607972e-01 -5.027222237050794212e-02 7.760042913932671538e-02 -7.672364039318875506e-02 9.948523781139617314e-03
1.277843067483290240e-01 1.941367422959473510e-01 3.511079237136652820e-01 4.003824687418317679e-02 -1.273834475320533184e-02
3.383453736124331090e-01 4.119228149648205412e-02 7.726229802761683252e-02 -2.549431350749232356e-02 -1.523262691533173833e-02
4.968678808631609572e-02 -1.236547509087540658e-01 1.865884631428714746e-01 -1.612132563347179470e-01 1.122189279021059694e-01
-7.120600364462283116e-02 -2.700046197561793357e-02 1.712050082101517490e-01 8.629876023713706212e-02 -1.569665375992603251e-01
6.600156868623802131e-02 3.076164149983142901e-02 4.639591666915271473e-02 -8.037404348143004085e-02 1.295238317888315442e-02
7.028421098142750845e-02 1.525636337680835210e-02 -4.894477480850503714e-02 -7.949106014506475415e-02 5.208143266938347615e-02
-9.022681078281701017e-02 -7.590886399329505041e-02 2.078157778327991145e-01 -2.581549642494973280e-03 1.447663461296808673e-01
-7.210970976134534194e-02 1.353450213401626301e-01 1.132532275821750700e-01 -2.066763405604951642e-01 2.957793670360880922e-02
9.638938521298962003e-02 -1.155705986164575899e-01 8.487553546437355545e-02 -1.200032543310051297e-01 -2.913309400314947895e-02
4.486181377097495093e-02 1.492787875958035207e-02 1.116711348631911072e-01 -1.878703964955082406e-01 -6.653542440186201168e-02
3.191476662478220927e-01 -1.402511289012889906e-01 1.100698707077908539e-01 -3.720081814190637909e-02 -1.768320363010261395e-02
1.054796320726355680e-01 1.641497690005692678e-01 1.229995431980105552e-01 -2.573594095307978891e-01 1.881075622050633681e-02
-3.765751396003577667e-02 -2.353498384137429900e-02 3.685206772159435040e-01 -1.585641033391027854e-01 1.032448552538432346e-01
7.607586803751832660e-02 -2.155643160798133978e-02 1.081947826959340220e-01 8.890673531563045295e-02 -6.780312751270152483e-02
4.141203525004098773e-02 -4.349652746586257952e-03 4.653449172230127440e-01 -2.510362945818138125e-01 1.718346624275913226e-01
8.582304529469064747e-03 5.367348503298850770e-02 1.264391925982826514e-01 -6.761864678949999763e-02 6.408228047810290984e-02
2.266346154635998644e-01 -4.977590389664117432e-02 3.363310866654267706e-01 9.700486595315037375e-02 -1.805531434536495339e-01
1.095487461989921862e-01 4.878153625454621084e-02 2.676132306066282274e-01 5.278279206117342248e-03 1.394920432672138444e-01
2.023989683056625632e-01 6.243459265807722869e-02 4.384121061530033003e-02 1.541965256758286995e-01 8.984623471577813866e-03
2.185422766083906509e-01 -4.775691610633118166e-03 3.484338398908767842e-01 7.238068473638717415e-02 7.983914735491300096e-02
9.647404121202650396e-02 -4.539604368791722022e-02 2.814296159274642384e-01 2.473177611821374480e-02 1.228157559339270594e-01
2.595799329499709485e-01 1.420613489857854850e-01 3.703092585904357859e-01 1.795993370179898851e-01 -9.429138909946421787e-02
2.620464337835731738e-01 -7.514740486076068593e-02 3.388508487792817325e-01 -3.731541955384965609e-02 -8.185777252422732353e-02
3.979893210341258758e-01 -1.640591883394745543e-01 3.074496088766137114e-01 1.222440390008408678e-01 2.390670146843767649e-02
1.352763961740151011e-01 -6.054969145834754318e-02 3.317208839867995529e-01 7.450430818414037482e-02 -4.494911586471431880e-02
-4.048889099687441595e-02 6.974084482813516783e-02 2.617798187323752690e-01 8.339821377060277485e-02 -1.939728513642548224e-01
1.078146802705222118e-01 1.115278433057605850e-01 2.988775747768675495e-01 2.094732966961554699e-01 5.113507509627236020e-02
2.925921080081959058e-01 1.495270267401458686e-01 2.758236223878681170e-01 6.977048120604593950e-02 1.936395954685618884e-02
1.189316512595957470e-01 -1.852266778828381699e-01 2.157637707552882700e-01 8.157034209436807293e-02 1.710950606697292098e-01
1.223076269867132970e-01 2.133761175595070003e-01 2.783563385370155796e-01 8.704256430236857744e-02 6.996495226203969242e-02
2.735181987038501905e-01 -3.371368918777886692e-02 1.569787524301252679e-01 -1.417614975236190511e-01 1.049990760011274005e-01
1.939223688949813229e-01 1.542247866183634186e-01 3.823710901126354256e-01 -7.389408305451414249e-02 9.972540102382825011e-02
3.213452444580595646e-01 1.462671651043933457e-02 2.661218521621410149e-01 2.465049217512528881e-02 1.105715927219639849e-01
1.608532050275307546e-01 2.620013437298698289e-01 4.239782788911379274e-01 3.510438135582470004e-02 4.729495913377811112e-02
1.620865652376441979e-01 9.355151530418570616e-02 4.569159754626249126e-01 -5.605598141512247584e-02 7.176328653220459541e-02
2.165703551377100855e-01 -6.776454044928853504e-02 4.350514611096399364e-01 -1.789669814834216610e-01 1.226114728844027169e-02
2.320464292006850504e-01 4.449585064325450867e-02 4.750126314434238162e-01 -9.431266988280918862e-02 -1.533517724417934880e-01
2.268910937855651289e-01 1.109721766982514485e-01 4.882827802959814889e-01 -1.021857861513394555e-01 -5.542119701185384967e-02
2.583744035811452733e-01 -1.189123354305850764e-03 4.130467042863933402e-01 -1.629960930986957546e-01 5.380444121293567750e-02
1.546940009045625619e-01 -1.080709372384075079e-01 4.887494666946520239e-01 1.443029094916903517e-02 -1.722943758908652978e-01
4.345396533029193264e-01 -3.504763956236281452e-02 2.166831712112330666e-01 6.306945513201102360e-02 -3.346599605414451312e-02
2.609341318525921216e-01 -1.371760846295981551e-02 5.583540490707327164e-01 -2.951464645978981241e-02 9.579680464716984478e-02
2.883458600311077924e-01 -3.597303921726962422e-02 7.265816021238787892e-01 -3.579919057509062946e-02 -5.528677059390195957e-03
2.526936705697858110e-01 -1.417697736256882078e-02 5.958744595525746757e-01 6.560871961004609287e-02 1.791165508812426477e-01
3.259181327962439312e-01 4.606212795195687576e-02 4.656532035747002474e-01 1.811554284399228415e-02 8.334539362154296319e-03
3.222871591777750622e-01 1.404399438024085400e-01 5.932762629104049168e-01 -2.004916073569805168e-01 -3.607521709407143090e-02
2.476846289486957509e-01 -2.773794466134582581e-02 5.875812666499821146e-01 2.152345284741624676e-02 5.716607975136996089e-02
3.978169656588214642e-01 -1.858397719922260105e-01 6.029384548876608463e-01 5.325548784962792076e-02 -8.541293169694015586e-02
4.989646029424032458e-01 -1.792387822456852423e-02 4.761520788195223730e-01 -9.747308156614521713e-02 2.703122861649606690e-02
5.348132761330594009e-01 -2.030793911433900062e-02 6.202416186598470604e-01 -1.350804982224001194e-01 8.596000997255433956e-03
3.545147948284502748e-01 6.162167906452894334e-02 6.380043763842964122e-01 -6.664239406076592764e-02 1.714818552612213482e-03
3.983135968660398984e-01 -2.742341126316912361e-02 4.514107827982760113e-01 6.160602189271069395e-02 -2.586183531308898845e-02
3.063516332194976544e-01 -1.344429033066096568e-01 4.662954280510048788e-01 1.629969393879184270e-01 -6.472407082372920450e-02
4.302840080131137834e-01 1.025009913651249577e-01 7.192718736827967696e-01 -3.323586619390243857e-02 6.867491430983028999e-02
3.055063619621336546e-01 3.291251309872510189e-02 5.975385946498885659e-01 -1.204503424037674797e-01 -1.827029619012447426e-01
3.072248766062039560e-01 -1.395164064942261695e-01 5.320321366410173392e-01 7.977459091466874985e-03 1.085359175616651545e-01
3.958651329465573965e-01 -1.222811527959418061e-02 5.702309998218422216e-01 -9.561103733611221733e-02 -1.342324948342811242e-01
3.255731287456758993e-01 6.195364956024843744e-02 7.401919098340821179e-01 6.385611264505407225e-02 -1.536708126563879062e-01
4.812661008554908193e-01 1.197384789926416726e-01 6.494550778982179917e-01 3.320132222165078639e-02 -4.105442464551802700e-02
4.096057578612036787e-01 1.711380356577427847e-02 7.221218085652221230e-01 -7.797291218488643094e-02 -5.598062059142333569e-02
4.775333905564865256e-01 6.053502567252786598e-02 6.494928068488927675e-01 -6.302005723925070690e-02 1.010333843924784147e-01
3.011116123181876159e-01 1.524896248280253885e-01 5.297970999071783815e-01 -3.154311418682530233e-02 1.818767052311911492e-01
4.439175951511404317e-01 -1.004176307428386872e-01 7.446171177723168721e-01 5.723069509384979409e-02 1.081059333777112941e-01
3.316604784226503400e-01 -3.337657371962698266e-02 7.894283582487636730e-01 -1.123380513873563219e-01 -1.822784811646250072e-02
5.963868347710066242e-01 -3.610560529733401747e-02 7.637203696123820995e-01 -5.328972523679923606e-02 1.441616895977742563e-01
5.593145962775155633e-01 -1.091087632353682502e-01 6.115783909940272212e-01 3.360317170669437775e-02 1.131840519418596258e-01
5.566181398288299054e-01 -7.112504371596503616e-02 8.574529294982831118e-01 -7.346974143479709229e-02 -6.583388888653203888e-03
3.969685060355943040e-01 3.461847390540288838e-02 8.262436786736792049e-01 -1.717275000733977375e-01 -2.011983480930184046e-02
5.466357634684452238e-01 -3.096309522722370464e-02 7.527453254865121846e-01 8.871987224308967857e-02 -2.131656497509626651e-04
5.291095666032182843e-01 -2.122548507530439693e-02 6.495708811413219985e-01 -8.764188282617904613e-02 -4.004795006385804268e-02
7.521946496105241797e-01 1.079048659394681170e-01 7.657621074401191885e-01 -1.054036924111656504e-01 3.911724660810186188e-03
5.759711822660031899e-01 -4.195396621465979914e-02 7.736062424548764138e-01 4.722038421610756653e-02 -1.144712601931369006e-01
6.868964238446689796e-01 -2.621597457314511215e-01 7.529295700557907534e-01 2.966859487319760402e-02 2.493948032197615405e-02
5.401658982651029728e-01 1.297594380432564587e-01 6.370648178946910489e-01 -8.566468825894237027e-02 1.222244794034948456e-01
5.857204288381920865e-01 -1.058799355079115961e-01 7.508675871868868423e-01 -2.264726230572491200e-02 1.178698573999318981e-02
6.616455717087229571e-01 -2.736299242766930019e-03 8.722592343343443799e-01 1.236547234690804908e-01 -6.778164585734837433e-02
7.210211629849748727e-01 -2.968813832560215221e-02 7.420492925442168097e-01 5.763556193703880254e-02 1.099773063803591387e-03
7.705127115692508299e-01 9.026086667175588218e-02 8.557447740579848805e-01 -3.975513409895690964e-02 1.355647421985422818e-01
7.116355440247217334e-01 -5.880913676088506126e-02 1.016381693628992888e+00 4.764819748798952703e-02 1.131350844244928544e-01
8.421572474833561861e-01 1.455374202085946700e-01 7.975626573005967224e-01 7.821968870384230291e-03 -1.173609413642180688e-01
6.422260132432888735e-01 9.983510986694790756e-02 8.609662571800091868e-01 2.049634839471744380e-02 -1.103543686626296955e-01
6.390358127868236426e-01 -5.945730234463084823e-02 7.482401957704946094e-01 -2.381595885408421126e-02 -4.798289202929115205e-02
5.563564834830877492e-01 -9.008413801156175960e-02 8.426508261087108931e-01 3.760541207338984754e-02 2.799968677749033533e-02
7.424732669755506054e-01 2.452872840720931036e-01 7.735135406548361292e-01 1.214754513379808810e-02 -7.030381281326240905e-02
7.484388127027538085e-01 3.074205639274945039e-03 9.336557870787139946e-01 8.880234876688697376e-02 1.149160732805438317e-01
7.996809662412830422e-01 -7.977292838709894307e-02 1.117051019333896722e+00 -6.574828017441451677e-02 5.491536878687933859e-02
6.728941335633281673e-01 -8.526236131431426390e-02 1.117629784589150077e+00 -8.854650972049440960e-02 -8.076488333756219606e-02
8.080379211816809404e-01 -6.956907046080636203e-02 1.040311647520866911e+00 -7.632147445782497264e-02 7.104860600299073292e-02
7.231708782149377512e-01 4.629802088155918899e-03 1.063078954261105435e+00 1.073899226672320462e-01 6.934019433186656284e-03
7.468154650069461775e-01 1.551689767537227094e-01 9.706465780512002484e-01 -9.220199712666406200e-02 -6.045580519533566566e-02
7.754636230793444662e-01 -1.918657545670804376e-01 8.796596442480577593e-01 1.211081391904413190e-01 5.982995961148444841e-02
7.904565487514538802e-01 -1.188973872588630631e-01 8.476587941368153301e-01 1.978534754489794378e-01 -1.067723704485620401e-01
8.048877296198369002e-01 -2.981374388966477260e-02 1.099630777364067891e+00 8.291980062806174334e-02 -4.293063731698616714e-02
7.256787468392453810e-01 -1.275094649862978588e-02 1.064668219340501931e+00 -7.282902472412595973e-02 6.372203756230643279e-02
7.207193966645264460e-01 -4.941375904284585341e-02 8.085927249923106075e-01 8.610633896937645859e-02 7.171397864506516562e-02
9.685610005448764825e-01 2.033495476571970176e-02 1.088293066243616991e+00 -3.571523507199329817e-02 1.107933271412097770e-01
8.524659575962573177e-01 1.269274087936516637e-01 8.656532124846904042e-01 2.941619814240295505e-02 2.426628487186463859e-02
9.668393895334079780e-01 -1.815399159709044780e-02 9.294931076967269945e-01 -1.159143031773481186e-01 1.366390884186313021e-03
8.357931903046305067e-01 -1.226201205967504676e-01 8.679262877606097604e-01 1.184686794165146773e-01 5.531412296272550377e-02
1.008503932604367881e+00 1.401800170902433793e-02 1.075251173858837950e+00 3.938409016163164217e-02 2.120765347243019905e-01
6.509510818232326912e-01 1.062943904112241406e-01 1.024380890589200011e+00 9.387092081930305254e-02 1.329800959037995001e-01
8.881846220339046916e-01 1.508224186047972815e-01 9.546892940382175619e-01 1.813776192719515623e-01 -1.673524953760147094e-02
8.767247501392256837e-01 -1.163877410936692280e-01 1.015466811828112936e+00 1.184655219114426061e-01 9.837337245243321648e-02
8.023411584912099048e-01 1.913517149188804223e-01 9.391463152784740309e-01 7.364109244896568929e-02 5.568447406484056117e-02
7.712746009207206432e-01 -9.125162696523456130e-02 8.744399384353145344e-01 9.099478697640642211e-02 -9.166822230406496130e-02
9.122620944109604002e-01 -1.269383755961910054e-01 9.737058480945476324e-01 2.786851285929126121e-02 4.189206199778888057e-02
1.012728744409242543e+00 1.405020072137164872e-02 1.155821850498594205e+00 5.579486931802398603e-02 -1.856219203384891839e-02
9.565257651874434774e-01 4.324133307635568552e-02 1.019400249083535215e+00 6.109404973648094317e-02 4.005248339480731168e-03
9.352067077091702485e-01 -1.245288953737513499e-01 1.015612453418262451e+00 1.269778054692877189e-01 -2.045533773843455014e-02
9.560611236937959223e-01 4.419633479929396813e-02 9.059130777032957660e-01 2.142730501700574886e-01 9.755493659173855581e-02
8.742171990113896118e-01 -1.693885824982535315e-01 8.829502223789106319e-01 4.444948233583746744e-02 6.243726040814557426e-02
8.263413940161222770e-01 -5.300815863557109542e-02 1.014220537572090519e+00 1.295403855303242091e-01 2.442305189127149945e-01
1.074646011798420231e+00 -8.833319814270455816e-03 1.119922634648430781e+00 -6.183899988973859396e-02 -2.055490638292673533e-01
9.659227186587705516e-01 5.794957643223225437e-03 9.632359082753667590e-01 1.267284516140077533e-01 1.371912711161844545e-01
9.757028657823392237e-01 2.035016311865971844e-02 1.059560082756715538e+00 -1.605727415270660763e-01 1.406456507797030631e-01
8.559400709940963026e-01 1.086496101193372421e-01 8.616694295572251416e-01 4.676951846087901155e-02 -1.385639864676249111e-01
8.899007405977430452e-01 1.390665948976595456e-01 1.041978787425786646e+00 1.781694182663838277e-01 3.921287571748655054e-02
1.081081458735612344e+00 4.847449485705435102e-02 8.151341622685180921e-01 2.182589025249413728e-01 -5.934346869445718264e-02
9.526627158077204394e-01 1.793521536954510720e-02 8.978223253765694745e-01 1.450086317743455866e-01 4.148990917931502653e-02
8.698654745716591918e-01 8.387903483002280558e-02 9.126755778482324999e-01 7.841321615340217377e-02 -1.092409715408072107e-01
1.023269138365617392e+00 4.612559899749595071e-02 9.879985111834661549e-01 -2.278362710794026857e-03 -7.456159077942479951e-02
1.113886033075481841e+00 -1.190987868656239769e-02 9.754148389236606542e-01 -8.827071101818628751e-02 6.029939708050566921e-02
9.125280073582099361e-01 5.330754269253425159e-02 8.480817006347338705e-01 -2.670041337916896629e-02 1.298559177660321175e-02
1.157575591723344566e+00 -7.916356977187091748e-02 9.205271749897538935e-01 3.379946665175290188e-02 3.815102903072765950e-02
1.019112298955922258e+00 9.235633160263215236e-02 8.888542045167223682e-01 -2.060031334564657590e-03 -6.854764909222783864e-02
9.836151649988521539e-01 -1.778868441699418823e-02 7.604119696256925742e-01 4.339433582246207677e-02 -5.168360828299112947e-02
9.592571052110826502e-01 3.752215891205001874e-02 9.003867370361545719e-01 6.630415620393512177e-02 -1.258336768664709282e-01
1.003825591406949158e+00 1.528222290207376377e-01 8.028535045498917944e-01 3.925486627886833058e-02 -8.665941880933972219e-02
1.177786113901717613e+00 8.936723539023223861e-02 1.240482251671145120e+00 2.609799236550015000e-01 -6.047501427159872323e-02
1.095927182459160543e+00 -1.066204187511747004e-01 9.978329589004463207e-01 1.226376544313627914e-01 -1.413558253962638733e-01
1.038802720063089824e+00 1.651411730875233519e-01 9.167488071282150486e-01 1.669079212182640326e-01 2.246787691349422592e-02
1.019505127810292455e+00 1.801298891010735814e-02 8.333881577846337096e-01 1.230790921582055469e-01 -2.621169370649139435e-02
1.014684081152995798e+00 9.918604519152421362e-02 7.541146456112347574e-01 1.444712964961029078e-01 -6.760521211783106221e-02
1.006210030782547449e+00 4.136475700290030699e-02 6.999199762393174540e-01 1.473141769390731159e-01 -2.934170384083722993e-02
1.071770427734845654e+00 2.641791527736316730e-02 8.873463671354064886e-01 4.119611074479190282e-01 -2.079315409751884142e-02
1.080905600432931601e+00 1.995265883576335941e-01 9.557135035109772803e-01 -8.885606087944697418e-04 -1.416696650540355262e-01
1.165836582701124335e+00 -1.602469151511161927e-01 7.149120243786013518e-01 2.346386888915399371e-01 1.031917516230471989e-02
1.100877516236443032e+00 -3.419006352750078581e-02 8.079627640089264151e-01 1.946304201933133915e-01 -5.419542589975358260e-02
1.054717426959111304e+00 4.459276350949764600e-02 7.973105614219698767e-01 1.373599925978621628e-01 4.117126112968429175e-02
9.813624385528573191e-01 1.284250753011504653e-01 8.935133810377365871e-01 1.908462066008886349e-01 -1.060926539111037015e-01
9.250037250316702764e-01 -3.901740931427615661e-02 5.297438794426392317e-01 1.343027477605248377e-01 1.461550806627675073e-02
1.024648239825412199e+00 8.417308292053171659e-03 8.189562690985808802e-01 3.753259013277278067e-01 1.032257710476966461e-01
8.938536897285089822e-01 1.273431159492915965e-01 8.205865287280856846e-01 1.666111181792649387e-01 6.253576987687442523e-02
9.336009735248907981e-01 -1.110280470025444000e-01 6.946571693143367421e-01 2.370931756774478372e-01 -1.318677157534368649e-01
9.561999410500454655e-01 -1.065221220612443467e-02 7.917231986833148660e-01 3.288988180705100239e-01 -3.177479840524083388e-02
9.161268890874945114e-01 -1.602262633084748644e-02 6.586357301147554022e-01 1.359093842685142328e-01 -1.333207658430146138e-02
8.355529856023123925e-01 6.971085944622290587e-02 7.494963695961136541e-01 3.155551334079389481e-01 -4.700113487455034877e-02
9.521452040736531064e-01 3.600581196256327776e-02 5.945682217829804106e-01 1.571428424792635781e-01 -2.267746565593233843e-01
9.638317612654522248e-01 -1.631208742471120660e-02 5.685064253519314104e-01 2.581782806672323072e-01 1.661601419230738230e-01
1.023048276406838930e+00 6.851496896400492698e-02 7.074501234994011734e-01 3.003768924817911135e-01 6.047040289983325601e-02
8.475132599633351527e-01 1.401775411900043830e-02 7.050238087468226889e-01 2.178674008156571140e-01 -1.293020018845250640e-01
1.112689245413013506e+00 6.883594717332802704e-02 7.164216134647863887e-01 1.859075475584165138e-01 -8.440870702615651047e-03
1.048239272796793298e+00 -1.839102683588164366e-01 5.636054153854013204e-01 2.256162278813402811e-01 1.457681532668272384e-01
1.054415997538584948e+00 1.805755272530338851e-01 4.810122420846203450e-01 2.536406146018992946e-01 -6.606174230641920220e-02
1.147812704806367101e+00 9.116182914467968468e-02 6.622018710024013544e-01 4.937484374936789155e-01 -5.501568523827479740e-02
1.018047238706215385e+00 1.091197189257215872e-01 6.525938881845813055e-01 4.201363106931258473e-01 1.840416824033035137e-01
1.040014884768386549e+00 2.101143093905080417e-01 6.345203657098111849e-01 4.543751208741282355e-01 8.321164744477649311e-02
9.120152785719317645e-01 1.078471274894449994e-01 5.814727054570588693e-01 4.441092750366307240e-01 2.237756965436357368e-02
7.985608747783504713e-01 8.446249630455862634e-02 3.558650479421047175e-01 2.289963787301200482e-01 5.934519524142916475e-02
9.971844580005293501e-01 7.821182429531137181e-02 5.645211193379646719e-01 4.204674883528635165e-01 3.985744269239400311e-02
8.837316903992203931e-01 -4.529596076154582956e-02 5.513326513619999369e-01 3.473231501683790023e-01 -7.727867559641650452e-02
8.693967063314625987e-01 7.585803545598338027e-02 5.899409016749824763e-01 6.249556393714160718e-01 6.314467766033559325e-03
9.717412251779433685e-01 -2.845019545056625548e-02 5.883769081804050005e-01 4.964101126235726524e-01 -1.021842981597007594e-01
8.760389275707725076e-01 1.315038240435875416e-01 4.924612046100016460e-01 4.009632945140761406e-01 1.414392498117295234e-02
8.743539731493666922e-01 -2.166557615098545914e-02 4.787094786607075103e-01 3.374431272608947596e-01 -5.755148951155704407e-02
8.646275511331120711e-01 -1.353685178232566233e-01 3.951784863360891520e-01 6.216147487111830516e-01 1.650075718933255442e-01
8.580273269987905849e-01 1.768048026835342124e-01 4.981220031773630486e-01 5.722355521915535315e-01 2.945254169784922854e-02
6.733017817015516382e-01 6.002664097305298457e-02 6.334719670768966804e-01 5.795606703707616436e-01 -9.263011207218441179e-02
7.693896923315808323e-01 6.308619759329832377e-02 4.266008244630210000e-01 4.023324736206342345e-01 2.930984105666676887e-01
7.952353508915916969e-01 -2.890760161909912418e-02 4.388509296692093553e-01 5.838007850744858507e-01 3.748534952298775841e-02
7.899569844041963718e-01 1.591475429132473418e-01 6.166126906358397886e-01 5.488836864876707189e-01 -1.051477512623840219e-02
7.328096829545462931e-01 -2.807731575201291574e-02 5.664603498730625963e-01 4.684054746607850817e-01 -1.993290878200778271e-01
9.888036288993448109e-01 6.877799459606367960e-02 5.320981928876775680e-01 5.940937056365080959e-01 1.906944884426258757e-01
7.526743925594094886e-01 2.868326787270063516e-01 2.861098766438409657e-01 6.139462437425045049e-01 -7.532258586648696297e-02
8.724546769745711305e-01 -1.145182104871802359e-01 4.248163274208529017e-01 5.956996841580383117e-01 -3.934409903987273749e-02
8.450307511674862715e-01 -1.831626237077282893e-02 4.418117458829822208e-01 7.594075427433550907e-01 -4.165593437859092807e-02
7.311284737543243262e-01 3.007905029953103493e-01 3.597535950325778664e-01 6.103221707254775641e-01 -7.377140926539541010e-02
6.708976979079304126e-01 2.812099206279959629e-02 1.271623106894031185e-01 5.794087841936292893e-01 1.283852081302421511e-01
6.796706915275978478e-01 6.004677818068097916e-02 3.279114479366016521e-01 7.529703619125349690e-01 1.463307997117131443e-01
6.490044009572788486e-01 -8.675976276997475478e-02 2.765453536114469979e-01 8.148389340686575943e-01 -1.174229646097567636e-01
5.908702321672141267e-01 -2.003522980114740004e-02 5.366038963029919895e-01 6.849848004612750785e-01 5.387696422887357922e-03
5.445906716542123771e-01 3.432069535049706716e-02 4.705697674086778415e-01 6.175343406415580993e-01 -1.468033369049938641e-01
6.218890546529480812e-01 1.974265903167738423e-01 3.496785094344450062e-01 7.072954858674282974e-01 -1.881812325853221557e-02
7.920822699072345152e-01 -2.247926084800955238e-03 2.554685966008567455e-01 8.309276992297965903e-01 2.951212156469221193e-02
7.362441473561291971e-01 2.349431785190370103e-03 2.624010869710303728e-01 9.104219961774598913e-01 -1.722185291262939844e-02
7.350922055580186854e-01 1.629460229194170662e-01 2.328086168116716703e-01 7.141684017919420757e-01 2.536258413789547195e-01
5.751240848945975426e-01 2.779398064116462841e-01 4.683927969637076139e-01 8.977880910340704235e-01 4.729506562700774158e-02
6.962105181301577739e-01 1.267285588857406664e-01 3.864544763990838128e-01 8.982536188360844553e-01 9.360027602410081471e-02
5.067918194276403998e-01 9.695630657177609080e-02 3.858467434902914661e-01 5.799813873625421223e-01 5.402555429737816717e-02
6.764747624310327723e-01 1.083142259978560618e-01 3.170982598570249444e-01 7.923151671948878150e-01 -9.228550137332430792e-02
6.549995569054193334e-01 2.033873229671954996e-01 3.235605502274416234e-01 1.083538371697956748e+00 1.643036837053200028e-01
4.889167481355749523e-01 -9.491468711599319874e-02 1.787094794714162715e-01 9.799914176943342881e-01 -4.831369752003378260e-02
8.266797586872338677e-01 -1.263542251207633305e-02 3.277041768247727083e-01 8.766171403786033878e-01 -7.322182684448927392e-02
6.618521264171912666e-01 2.087257264931258738e-01 3.670508579603058430e-01 9.611281927781896162e-01 -9.140051190020984095e-02
6.432021506165405134e-01 3.435158091225724852e-02 1.118168748090675735e-01 9.549558400136858305e-01 -1.068791171505157206e-01
5.211039499382738027e-01 1.695794059194044578e-01 2.347614195885935062e-01 8.098506088483437004e-01 4.627089076324172184e-02
4.655368273904081367e-01 2.168309958055691933e-02 2.287163802549944391e-01 7.252927352076636858e-01 1.086585990776042926e-01
2.941972726412360739e-01 1.731493393005970050e-01 1.612729061918511675e-01 7.522692873778332734e-01 -1.061403060289306255e-01
4.890199523704279461e-01 5.707327660315224260e-02 2.392886502809577765e-01 7.774967745933148988e-01 1.364742687436850954e-01
4.484549487809599833e-01 1.204693509826068598e-01 2.557082060447871119e-02 8.701980413772015810e-01 6.730553363834784752e-02
5.686296110209697607e-01 9.012298313605709987e-02 7.238849261222411735e-02 9.626308398513904185e-01 3.101055062759123723e-02
4.510681854072497998e-01 1.937110845291720174e-01 2.492010543783922671e-01 9.272444727473221349e-01 6.332905853379738881e-02
5.090979747182808879e-01 2.190409304927078415e-01 2.084413198524239785e-01 1.139921654582552568e+00 2.051145989369694278e-01
3.738467318024849551e-01 1.450358090374785081e-01 1.547826330472101830e-01 9.709886415334706422e-01 4.804795207056311579e-02
5.211029510806824971e-01 8.510782411565087635e-02 1.127738664695670245e-01 9.015867707627663874e-01 6.779089883803331162e-02
3.948335867180486347e-01 7.748484678413454507e-02 9.050114837568457027e-03 9.589714747480637680e-01 3.046236938616216916e-01
4.152120917433573255e-01 1.201079362770143266e-01 2.409412266713266138e-01 9.542848868113724681e-01 -7.919752327213600007e-02
2.883497027653490474e-01 2.699488553236701893e-01 -9.006236984199644802e-02 8.393120578205879312e-01 -1.713057917816909748e-01
6.042071680163056957e-01 9.564864809312766114e-02 1.077297814408495480e-01 1.017199997454788063e+00 -1.068877399930825561e-01
5.123041655279061413e-01 1.435291183328063491e-01 5.278910956290609746e-02 9.534770704899755422e-01 9.396217495743972026e-02
4.889720147028223662e-01 2.534367954267743861e-01 7.770392596000701146e-02 1.022238099628153929e+00 1.021231424061307680e-01
4.069591114321680636e-01 3.588891025728900841e-01 2.504613255642508529e-02 1.004058772788035458e+00 -7.844698643906922175e-02
5.104242776001181037e-01 2.023663341647110869e-01 4.063550866679532803e-03 7.808635892159658809e-01 1.574269793917043581e-01
3.749748834904449990e-01 1.739921381715832105e-01 -2.527952818707399074e-02 1.041243881470590438e+00 6.464261818772551460e-02
2.713284676314225985e-01 9.247525722874172516e-02 2.372342768880272845e-02 1.143759563946470825e+00 1.712475079257919086e-01
1.477331448571677641e-01 4.537773444280959745e-01 6.068432598379176757e-02 9.877258775510073807e-01 1.472626804854297866e-01
3.982371901351874355e-01 2.277556426263274147e-01 2.206214314025018441e-01 7.650432608484895036e-01 3.047023593346619152e-02
4.269522923627330213e-01 1.276618912448759247e-01 9.488378827741281163e-02 8.567269952238003583e-01 1.780775687099440674e-01
4.836550112359431219e-01 2.372414916477976199e-01 1.908706946170630747e-01 1.010752770556169855e+00 7.367189465077025878e-02
2.049636389594230168e-01 1.772054049541983423e-01 -4.388326475138867866e-02 9.357175332941659596e-01 1.167384009377030185e-01
3.549460938758443040e-01 1.070595740960122721e-01 4.480311488668808212e-02 1.122222869247494703e+00 2.167548810287689420e-03
3.488796453616908044e-01 2.654866803420683485e-01 1.875376037277829977e-01 1.039512948285634897e+00 9.727633927006545944e-02
2.186511071578918219e-01 2.157913677414372011e-01 -7.778011682572583130e-03 1.057535559412001502e+00 4.705374318509397691e-02
1.882253690601782825e-01 2.180538673777647485e-01 2.863777904227608750e-02 1.190114144897720605e+00 9.938067993385527044e-02
3.235539514518689375e-01 3.352078481484519479e-01 7.895725330323077884e-02 1.139747794947271409e+00 2.690696311790053974e-01
3.798655326158749124e-01 2.373533471201089706e-01 1.565943051958614274e-01 1.204792241969380395e+00 1.255726715976143715e-01
1.747216162280986473e-01 3.684282115311998673e-01 2.536391787678189402e-01 9.873457115889044955e-01 2.296843143511950458e-01
4.248713009849537925e-01 3.047280167757404623e-01 4.337591444654136097e-02 8.236502457612320249e-01 1.381519903905432389e-01
3.823744626525703016e-01 3.775282961714220287e-01 1.078400423151437137e-01 8.335191587354855436e-01 1.407374393104696142e-01
3.009452062787084103e-01 2.636208212350939495e-01 -4.712782372646037027e-02 1.187171757503904690e+00 2.691216121995536059e-01
2.328777135783789420e-01 2.880150541267759157e-01 3.072305201048314283e-02 8.593383759345827322e-01 2.547849001978235162e-01
2.510260927865777258e-01 2.814612277085085656e-01 1.626056400857125162e-01 1.143392809017710565e+00 3.667722277587744939e-01
1.454418399960239194e-01 3.549327714760024954e-01 -7.392819691999738541e-02 1.102425529464530429e+00 1.528188177051135743e-01
2.777772078619634710e-01 2.075260413528909331e-01 1.267975817837563024e-01 8.763309961899554690e-01 2.624676256584482781e-01
1.376673096962875431e-01 2.651956335913171481e-01 -1.238891176921902149e-01 9.644025544102465819e-01 3.112697931248692984e-01
1.516554043115387607e-01 1.916998997924308223e-01 -5.419295635209075285e-02 1.071128442242700984e+00 2.679244879527272749e-01
2.081109849355717023e-01 2.003804182834100500e-01 -1.159051290756310248e-01 8.631676062183815112e-01 2.792005713735649097e-01
4.677253949429008295e-02 1.811973758581946203e-01 1.614252971798709468e-01 9.324982238314015737e-01 3.468467609376740812e-01
2.336632207137367967e-03 3.295711161632967623e-01 2.716467934451905278e-02 7.635752807505900019e-01 1.108294912313479430e-01
3.329712456664760678e-01 5.239351767900436441e-01 9.886374092622544907e-02 8.056302837954470997e-01 1.977169836348012522e-01
3.107772139118214483e-01 4.471136367339724194e-01 -8.546333109058533439e-02 1.029713783783362757e+00 1.040580527980427550e-01
1.930774210927588552e-01 2.456246118974552972e-01 -7.455482041801851645e-02 9.806587594768134686e-01 3.082010901015987403e-01
1.493221253782461011e-01 3.459514998234001215e-01 -6.656676881482137542e-02 8.649292121334164474e-01 2.823820732327028127e-01
7.125694367343446411e-02 4.891366700616128216e-01 1.434178315021070703e-02 8.757337919477475863e-01 2.102010293219657155e-01
2.684351259793077427e-01 3.977369392145162497e-01 -2.397691386901351293e-02 6.852838525274541626e-01 3.041476170170652749e-01
1.115693228909936247e-01 3.612539881988605095e-01 1.154239108971433780e-01 7.751500987383951324e-01 2.878082154264947068e-01
2.270846741116525069e-01 5.139589859049664700e-01 1.028943101411985556e-01 9.127003019970827413e-01 4.551814077100985179e-01
1.362787547074865158e-01 6.528943285053381285e-01 7.082781444640436075e-02 7.912449225509523565e-01 2.268611824180192249e-01
1.986396135203918889e-01 3.150814824429242211e-01 -1.760044218793893889e-01 7.601698499583059432e-01 3.835736507211165436e-01
9.673213049355755544e-03 3.330091406127742570e-01 1.292228440483092489e-01 7.495083295609161755e-01 3.755847265184023009e-01
1.614122477820975066e-01 3.937697906911244994e-01 -4.893156127275642697e-02 6.413776756682472158e-01 7.063317048841066814e-02
3.437583907402648742e-01 5.755894175556541814e-01 6.997481334715198453e-02 8.699386517428226995e-01 3.385064625235160718e-01
1.916276326314668710e-01 4.844081703344719214e-01 8.848798983047766187e-02 7.007867148419664183e-01 3.375998780896304341e-01
1.265449542203354871e-01 4.630270606835882319e-01 -8.571730049473699070e-03 6.600834483864085334e-01 3.609443519129669209e-01
1.482170436664088931e-01 4.642149044306978500e-01 5.595087544591066664e-02 8.733291234966739092e-01 4.357814619614380214e-01
-1.242408402002103118e-01 4.196947065349501682e-01 -1.045981055653594644e-01 6.926732341338784904e-01 4.062925002999929203e-01
3.071754004193327781e-01 4.892948753981158916e-01 -2.940325426986231672e-02 7.391635301799331925e-01 5.255131223849884847e-01
1.342351262772195353e-01 5.634538326673095288e-01 1.717045043955605643e-01 6.122623038056650424e-01 3.990826077726175591e-01
4.943442093686405137e-02 4.852741285116680681e-01 -2.060147793041910633e-02 6.553438445829672387e-01 4.303060717603904295e-01
2.400385138151336362e-01 3.685029188757978913e-01 1.202441628885022179e-01 4.949845898061889238e-01 3.931342004575494875e-01
8.916298712469400423e-02 5.586713423578946180e-01 8.931829440931848829e-02 7.202947061190302369e-01 5.231721457897042793e-01
1.370864860861491508e-01 4.762387247187827022e-01 -1.687024202414672824e-01 5.933585089247650490e-01 3.746523516505397278e-01
3.548845774166754091e-02 3.715545662645310943e-01 -1.598984335936958767e-01 3.797373440029538916e-01 6.489489825669072509e-01
2.595459883963605746e-02 4.977415538406365081e-01 -7.714980066781104706e-02 6.990416519711347698e-01 5.451172538614638130e-01
8.197792976078981109e-02 4.905604288083624254e-01 4.699572193281345567e-02 4.939869690960070892e-01 4.556116669278223452e-01
1.176609467964134792e-01 5.691141663297059061e-01 1.915390025776420035e-01 4.660821189370888407e-01 5.801633631299771832e-01
2.073726637564200781e-01 5.330252500024920126e-01 -4.617129551228956602e-02 4.949431723287048834e-01 5.039202478175066613e-01
9.372101448482467179e-03 4.634924854371815228e-01 9.275446682380086155e-03 5.172825694410374542e-01 5.714015289084599658e-01
8.211796224871226180e-04 5.200080583981472326e-01 -1.389486507350286004e-01 6.193254863584763958e-01 5.205872272732307016e-01
5.657398775263244861e-02 6.528520398021734339e-01 4.905290255378609576e-02 5.009321602385230499e-01 5.258497750893484923e-01
-1.564005575982094220e-01 7.750140044369268066e-01 -5.444297243898360561e-02 4.519783025193512271e-01 5.099404975227055381e-01
3.718142637578059073e-01 5.557150768450407341e-01 -8.073816028795119393e-02 3.229843468787229055e-01 5.510710219056063064e-01
-3.317816365588014543e-02 7.253513179081335638e-01 4.769490251638649342e-02 4.147992480980541297e-01 4.279784302838098853e-01
7.996939074767871192e-02 5.936818914789346868e-01 -1.118930323488816075e-01 5.155974968444164697e-01 6.151052040738648197e-01
2.694867168028509952e-02 5.713987506679099049e-01 -4.976403075717424074e-02 4.347675765499459666e-01 3.702182098107226205e-01
3.393989300155262484e-02 6.590268611523472098e-01 2.338108897598608835e-02 3.900861245611187411e-01 4.898356716515832043e-01
-1.209352752629473254e-01 7.734653033397754784e-01 -2.350646489611432632e-02 4.521944920837780435e-01 6.661938632391924964e-01
-1.454677256187416057e-01 6.122378954858396227e-01 -2.252747717840076769e-01 4.603350450566636165e-01 4.916315030588850332e-01
4.676208374933164824e-02 5.556371614221446986e-01 1.392771138745344806e-01 3.027192450892297049e-01 7.000544879365752093e-01
2.912811146994367384e-01 7.576101854221105603e-01 8.274461475268801713e-02 5.798188947546384364e-02 4.514623736627317863e-01
-3.662471764751533410e-03 6.145731386517073735e-01 1.097255688677212758e-02 3.212204739791253982e-01 7.052277881313880892e-01
6.870823068626041863e-02 6.722348587784491292e-01 7.177012786949144019e-02 3.165656954106303989e-01 7.350881067224956933e-01
-5.586528607348774378e-02 7.836563264654836658e-01 1.763791122166863956e-01 1.677875124844047661e-01 5.529516030317113140e-01
1.290650909720158362e-02 6.369289493017132875e-01 -3.094181479919611358e-02 4.409220633995300509e-01 7.018809291900314218e-01
1.202361753617484513e-01 5.176545069042777225e-01 -1.891757377600642442e-01 5.235848736932227077e-01 7.267757726220127612e-01
6.040798174400795195e-02 8.345884248808369543e-01 -2.639697730478876569e-02 2.679928163231977134e-01 6.556313243526716850e-01
2.329214924382670415e-01 9.955775849891255191e-01 -1.766210476080695424e-01 4.655629759699141390e-01 7.613797286738114289e-01
-9.039692833397426630e-02 8.228535169568405028e-01 7.760109960358804737e-02 8.398778241954604762e-02 6.179936005914558050e-01
1.490062850622055068e-02 9.394373500030088753e-01 -7.216258209680571911e-02 1.349266748179615560e-01 9.196376981280071083e-01
1.832178952161679641e-02 8.252934446962548742e-01 -7.241426337815737649e-04 2.880294640417626062e-01 7.002503887721022169e-01
-1.713700923420604927e-01 7.235689566840933784e-01 -6.068112786020130045e-02 8.503330074540993433e-02 8.011336549096736981e-01
3.172100476397957114e-02 5.854634498468510584e-01 -9.316550418561105051e-02 3.350411650212739567e-01 8.421790739274669368e-01
2.266004942749567097e-01 8.100350632743081869e-01 -7.727325389505543263e-02 3.171322728378077604e-01 9.860035270836257082e-01
-7.224747531383490795e-02 8.494286934279368095e-01 8.060792760101240240e-02 2.120508806471724794e-01 7.201428576175260554e-01
-4.777081224340069820e-02 7.338583190804895962e-01 -9.852870248245323287e-03 1.821213824209900189e-01 6.384053931986032326e-01
2.029628075561446324e-02 8.124362026887061994e-01 -4.718848575499331316e-02 3.026577514650781175e-01 8.957937061166182380e-01
4.488520129618794874e-02 8.634795241750999883e-01 -3.224095747832816244e-02 1.141351614737021181e-01 9.101259776402281787e-01
1.112087789733290366e-03 9.334054613590450078e-01 -5.325116207709047408e-03 2.924538167522101606e-01 7.994023583450324821e-01
8.353863645561294959e-02 9.570732566836762656e-01 6.215726019043828904e-02 3.732301276742529539e-01 7.452849680078627026e-01
7.312093324131944960e-02 9.921896750050458458e-01 2.499463859377877920e-02 3.090810894714770551e-01 8.844631127228599343e-01
2.247738456501025273e-01 7.496109606940930536e-01 4.593289703522931283e-02 2.741855927532385606e-02 9.867739653679684642e-01
-6.262850851182102940e-02 8.291081069099897061e-01 6.777036999817130647e-02 1.446443694148227543e-01 8.505669071185412156e-01
-1.078293099798114246e-01 9.479632098505925697e-01 6.345205981928061026e-03 3.558427805445640857e-01 8.928247342142916487e-01
1.303740759378900216e-01 9.615729157773746927e-01 -1.249557890869560511e-02 7.919642807729337930e-02 1.000873025069405342e+00
1.966364398198968133e-01 9.374300655546705663e-01 -5.550572068482209631e-02 3.896613778249200521e-01 9.225294112336834829e-01
-2.944597445040363429e-02 8.390584856048345364e-01 -6.825448919037534028e-03 6.228425629512222839e-02 8.511207462262997403e-01
2.629041985672503356e-02 6.970356230812522202e-01 1.045728022524940876e-01 -1.158513657952072451e-01 7.224854458802543178e-01
-4.892787482117880865e-02 8.415735194135763875e-01 -6.913624014730856970e-02 1.692798176216209205e-01 9.097926185543420141e-01
6.720903048487168741e-02 9.176990794299654253e-01 -5.072655041237696810e-02 2.150206296233612147e-01 7.973121204537082507e-01
5.321069198902363823e-02 7.020265134299192855e-01 -2.077220265600382421e-01 1.217158636519383164e-01 1.062150531321183866e+00
5.387434857681133726e-02 7.461165990171452211e-01 -9.779184727639475549e-02 5.121796622433311130e-04 9.368297094460908969e-01
9.332073372097406116e-02 1.129667014400085323e+00 6.504073512044740435e-02 6.060990069117228041e-03 9.696502108215344640e-01
-6.242247639715972629e-02 7.580261632703719776e-01 5.516110290956946494e-02 1.483426580542877848e-02 1.054476448936032540e+00
-1.331143290940870264e-02 9.869125589555769462e-01 3.248192148146129138e-02 1.218085714922801932e-01 8.497859819074589094e-01
-5.697915498764698911e-02 8.773151543190291779e-01 -4.424263489232636501e-03 8.798327428413965645e-02 9.069194546402389312e-01
8.669724177583229552e-02 9.242616220189964205e-01 7.303537784384203646e-02 1.092436711674257266e-01 1.044390081360646372e+00
3.300052084013401638e-02 9.046264789824185470e-01 -9.221047456734171588e-02 2.670239519333403311e-02 9.478566694829720918e-01
3.610161816639821924e-03 9.777117736638477608e-01 6.438745999291514699e-02 1.601848324458218231e-01 1.079771387027105956e+00
1.597623268543215957e-01 8.613301794184358151e-01 1.585587192754676356e-01 8.643387564731282169e-02 8.813748579181051035e-01
5.453571387411017268e-04 9.781657896946438502e-01 1.938914690413459305e-02 3.911827502484056113e-02 8.593587073882429372e-01
-9.128311319053891704e-02 7.697776323184212233e-01 1.067400277332910680e-01 -6.679092065436501025e-03 1.018214024848677290e+00
6.885547156939432478e-02 9.392982121884208002e-01 -3.335719971450424454e-02 1.911746066521325671e-01 1.032059010042726488e+00
5.455637453656656671e-02 9.025188310135238146e-01 1.539036638776205834e-01 1.022053352800713077e-01 8.525381791711826862e-01
-6.014122349100589626e-02 7.105666829981400756e-01 -8.499034658853878155e-02 -1.123989810087190344e-01 1.164448406935673530e+00
1.701083995672215410e-01 9.256708892623508600e-01 1.940770256151793660e-01 3.053234972853778595e-03 9.759068306707397999e-01
-7.030424144603920900e-02 9.395192413717263769e-01 3.174034523817242243e-02 -4.286915745738235223e-02 9.391314937071006952e-01
4.034630695740124701e-02 1.167515365455937593e+00 -1.067568259203618281e-02 1.022441187978537502e-01 9.967212632732385114e-01
-1.102556158157907418e-01 9.609162069015282359e-01 -1.206589134962735531e-02 8.790025035610032900e-02 8.620559026742783404e-01
-1.721624089642815464e-02 9.322829428394936446e-01 -3.365394979251406377e-02 1.715390541380669986e-01 1.154018617900800292e+00
-1.044435102745450844e-01 1.074509013547285230e+00 -1.253585018459642542e-01 -1.225823630124831254e-01 9.449791070023286776e-01
-5.381813381208654795e-02 1.065306000771994999e+00 1.258982274210122820e-01 3.136590885299012088e-02 9.655902088513097503e-01
-1.605762578906939561e-02 9.834118085537344456e-01 -6.726603827142937919e-02 4.121076566829746934e-02 9.838451340958688229e-01
-3.279519514092608251e-02 1.152113276254984164e+00 -1.775373522067407728e-01 8.098740675029310332e-02 1.057170081366626935e+00
1.213182822865805782e-01 9.882008014171156374e-01 4.541706214383838675e-02 8.393416839095291238e-02 9.259049045344174278e-01
-9.177455863502488598e-02 1.077008709735250314e+00 -5.908348632367561165e-02 3.895076665270894023e-02 9.185020582048588622e-01
-1.345564170585436814e-01 9.215739268739168155e-01 2.548166988717560574e-02 6.759951488295326549e-02 1.104980845797047584e+00
-4.007430018957745810e-02 1.104413284012847329e+00 8.420849642687511238e-02 1.276232047815766268e-01 9.043352073731886209e-01
4.214818906994240166e-02 8.473925502040933200e-01 7.385836182629362812e-02 1.346787271546218689e-01 8.912200586494923860e-01
-4.797009637515871339e-02 1.106309753388058592e+00 8.413413574606254733e-03 -8.301254818821575399e-02 1.096706513905566505e+00
-6.231230982298762572e-02 7.271796255012372701e-01 2.803558307943837882e-02 6.526631549149874978e-02 9.806767422971228720e-01
6.156397071158731943e-02 9.968335661032793338e-01 -6.766850147006275851e-02 6.838402453287097116e-02 1.016319491750764969e+00
-1.538043790017457890e-01 9.987823625626247592e-01 -3.187381624232137056e-02 3.345723095740343878e-02 9.757916953657582715e-01
9.746438243535719692e-02 8.781343384708062416e-01 -1.648787893559825468e-01 -1.147737632656086609e-02 1.139148724059574125e+00
8.986875740445165323e-03 9.891356056257292195e-01 1.597353928744646712e-01 -6.215202901586751316e-02 9.315682697995294470e-01
-6.392742483159423450e-02 9.186574471866423286e-01 -1.054860349443830225e-01 -1.591333594973204646e-01 9.378987830745624255e-01
6.715511760744774516e-02 1.180011556975139486e+00 1.677190452294492762e-01 1.095678206497750218e-01 9.025683469510452639e-01
-1.367856945448350514e-01 9.464915574047182423e-01 2.144604178594212152e-01 -4.674625875619765891e-02 9.248327334784910425e-01
-6.022214824300201573e-03 1.096108448124662571e+00 1.112331235698068299e-01 -1.076474644517557283e-01 1.180300604293814448e+00
9.852034786632703212e-02 9.627110851301047267e-01 -1.661674004300816784e-02 2.464044776548596563e-03 9.904830035828808832e-01
9.276721435797895265e-02 1.287333716654486260e+00 -1.439062215948513079e-01 -1.031142452935001202e-01 8.856325385750377643e-01
4.510930182380582659e-02 1.076699576387102342e+00 -9.670935474434626256e-02 -3.594179227006014110e-02 9.241324740903082979e-01
-1.403857029674543677e-01 1.010914878217030966e+00 1.664702474351947847e-02 -2.864434185242388173e-03 7.344962339313120259e-01
-1.672045809221325008e-01 1.037977862820202990e+00 1.770434460070265670e-01 -8.742251833804606798e-02 7.919584492217839333e-01
-7.591607268379699236e-02 8.713592213876205639e-01 8.358324198245306591e-02 4.247895603678339405e-02 9.024095961089085849e-01
9.982162306264409646e-02 9.249773025861810494e-01 -5.602952571241732321e-02 -2.164694259646400554e-02 8.062641613474466062e-01
-1.016056306951317566e-02 9.606420508322919272e-01 2.208208020106830205e-01 -3.162006478913637064e-02 8.089088469871176246e-01
-1.720722600720420437e-01 1.011920496298903016e+00 -1.675773028132617956e-02 -9.719932949753652685e-02 9.493027443672745758e-01
-1.203742264688012070e-01 9.762308221641464723e-01 9.318963494391990440e-03 7.258029858467587858e-02 9.616240095053175674e-01
-8.988675949979292590e-02 1.011448134746320671e+00 -6.190751668251066181e-02 6.027885937592406679e-02 9.995891936913625653e-01
-1.023381906441817452e-01 8.939084656409224117e-01 -1.777331235729997239e-01 -2.448721504742594826e-02 1.030951657070916072e+00
-2.309780743056686347e-01 1.042785571514829757e+00 -4.788088435636841944e-02 -1.050076793001684522e-01 9.641568229055264005e-01
-1.842107035233798637e-02 1.148125234550914309e+00 5.297173566429681096e-02 -1.834929076245775392e-02 8.214743524978553868e-01
2.980434274354718527e-01 9.816911740151442745e-01 -8.626186716492899309e-02 -1.282642102712966414e-01 8.156476889009219855e-01
1.060314020891617859e-01 8.870429499647078941e-01 -1.949955811941174177e-01 -8.537865374931977169e-02 9.067873478426419220e-01
-4.834041278652947277e-02 1.043736812824890503e+00 -6.684095464937577294e-03 -5.401402406893333896e-02 8.073055151485160064e-01
-7.414621902878303084e-02 9.653162369392384035e-01 1.434273612742037185e-01 -5.025509045759012083e-02 7.472009167313177214e-01
-7.857639952295038255e-02 1.052074589112767411e+00 -3.299728714504382432e-02 -2.887392294210379406e-02 9.790596864440330727e-01
-1.596836663559396685e-01 1.056675739205191977e+00 -6.134249535411353399e-02 -2.867626063499448610e-02 6.900405762627428441e-01
-9.407606375749534566e-03 9.421863587680778807e-01 -2.010223070520581259e-02 -1.850519804845326272e-02 7.583798370216470186e-01
-6.073362966694262344e-02 8.123985309613663830e-01 4.770516285276551333e-02 2.267032247933110367e-01 5.983742708715154013e-01
-2.068190273255636480e-02 1.011062876099928509e+00 -1.053630793972517021e-01 -1.337111853110834747e-01 6.956660716336303674e-01
-9.973820418594629700e-02 8.366466769270132220e-01 6.499373945831873889e-02 1.170293301316492965e-02 6.985415470842893937e-01
-1.592508016695166062e-01 9.593879396479685351e-01 -6.844557701470760369e-02 -7.128744382963697612e-02 5.766858479314874719e-01
-7.553320295159110520e-02 9.046145647691378189e-01 -6.411757249787820856e-02 -5.077190818605151201e-02 6.292660257003188651e-01
-5.648026368315575696e-02 8.552054065004075500e-01 4.192266921735344348e-02 -3.664317506406262331e-02 7.686407568510603694e-01
-2.812631117303202033e-01 9.611357372804254506e-01 4.067982241023643253e-03 2.315135822909915875e-01 7.205288831934029137e-01
-3.228024781096619045e-04 8.819670964990720119e-01 -3.260678801718135122e-02 -8.464858689966155147e-02 8.002694522756018669e-01
6.105132670141667772e-02 1.049091096340814433e+00 -5.069724954894058201e-03 1.800323226678559110e-02 5.938412508338262175e-01
7.385547588384469564e-02 9.452606484325390968e-01 1.348896979222466430e-01 -7.792225114660993220e-03 8.186124425236831481e-01
1.098314138266479056e-01 9.350718756386043884e-01 7.489742236052884805e-02 -2.995977777364637953e-02 7.042338028363095415e-01
-1.170328009671161990e-01 8.258872402787247324e-01 9.585352812579892023e-02 -6.243898696894163713e-02 6.591725325702825211e-01
8.806378029158362652e-02 8.141894799028968066e-01 1.496662132112446253e-01 -2.541088480583895276e-02 6.081333857100901241e-01
5.825620868331242083e-03 9.313674590765972372e-01 -8.629090789634089737e-03 5.344560030738304199e-03 6.740777186711708335e-01
-6.488888061136960372e-02 7.717422458573959254e-01 1.212850216779878670e-01 7.276063799679807764e-02 6.359403557125618001e-01
-5.383974269675431690e-02 9.082192634180622504e-01 4.709877325800538445e-02 -1.446647548642065739e-01 5.599421424273319792e-01
-5.603440537451519210e-02 7.286949389947878775e-01 4.629176064292644163e-04 7.795368957188920922e-02 6.804904826224863479e-01
2.940112435365371812e-02 8.871889448442699111e-01 1.707055292709051264e-01 2.374203132593685761e-02 6.017734680458520780e-01
8.462009643943364801e-02 9.070978233067912289e-01 -1.085416653845309304e-02 -5.344310292504990401e-02 5.085176378540018360e-01
2.121171059853522306e-02 7.832288535629944315e-01 -8.500837571106899249e-02 7.069393961207538768e-02 5.254981631250823515e-01
-1.956759173324974094e-02 9.484236166631302423e-01 1.514400912706255486e-02 2.354538652664293907e-01 4.336651103931573603e-01
-1.099381751859173639e-01 6.452501329085204018e-01 -7.143942974507429267e-02 -2.269799956489977275e-02 3.356114697934192703e-01
1.243072269815526272e-03 7.931362125246357309e-01 5.333610301589303965e-02 -2.020478273270466182e-02 3.458411819913932428e-01
-1.226374817344695889e-01 7.786226085669182284e-01 -8.083885781880459365e-02 -1.536330768236719713e-01 2.809471546594715652e-01
3.263458544638415254e-02 8.802734114269223920e-01 1.613799753964641481e-01 -6.360651828848125355e-02 4.595835389568445617e-01
1.316951805566875244e-01 1.014229505786367280e+00 1.010490066065364845e-01 -7.323976950656962970e-02 4.071546287942238718e-01
1.281742793080169751e-01 7.631087247767123216e-01 -1.328009379792261524e-01 -1.070726564899950189e-01 4.945328770457224632e-01
9.269589820955745352e-02 7.569506582944305340e-01 1.682220905761136562e-03 -3.701365585104047368e-02 2.831391738890970955e-01
-3.117437394891704461e-01 7.023872091246977645e-01 -1.174850694331471268e-01 -7.664919032130744492e-02 3.563202212048586226e-01
-4.600044315912574233e-02 7.137050347703594033e-01 4.416442139286009400e-02 -8.203308497109916553e-02 3.357310623572613562e-01
-1.882685219740967975e-01 7.894369957882397815e-01 -1.423836336201914077e-01 -4.205838529708098156e-02 2.193262660956379340e-01
5.747243804607645584e-02 8.553217753113875332e-01 2.983869326031896724e-02 -7.933476147094627173e-02 4.134526378866014151e-01
1.500410244171547502e-01 7.648307337007073103e-01 2.807768882744589647e-02 -2.107058093686106637e-02 3.620135368699820000e-01
2.940160734447496566e-02 8.083103240440673298e-01 8.104343847262522604e-02 1.008662210232848938e-01 2.991580005654522756e-01
1.509662134718940396e-01 6.110174254144888906e-01 1.107727112690735233e-01 -4.973230615544752681e-02 2.645502102553177748e-01
1.786764445745848973e-01 7.578915424716373694e-01 -9.458951178561847417e-02 4.517199984527472956e-02 2.474460421337028593e-01
6.086511495699049173e-02 7.661666928397027343e-01 -1.464866483059225621e-01 -8.492470137513183359e-02 2.788975657176842038e-01
-2.085612892222254988e-02 7.300712773160221714e-01 -8.753914842102378246e-02 -4.421126183449390385e-04 3.653007293137916500e-01
-6.088430398160822599e-02 7.222154905949363934e-01 -3.605602403602777787e-03 -6.289412441614114502e-02 3.928340321827594739e-01
-6.149629161217551668e-03 8.325725296103668738e-01 -9.775821338523149606e-02 -6.864759813255507867e-03 3.039774093863542581e-01
7.571499691762101358e-04 7.154724408196813101e-01 -7.173637867638212214e-03 1.862273301256553784e-02 4.227274277126567004e-01
-1.341072614705743349e-03 6.620107476011480863e-01 -1.373996328682828838e-01 4.699224202340770290e-02 2.835346845537036198e-01
-1.659407706899041490e-01 7.844667505314635303e-01 -1.135387317709295879e-01 -1.954770317010795788e-01 2.108062242824041699e-01
-1.858470814942495553e-01 7.738298961091606420e-01 -1.327424293428814683e-01 3.361463491223901263e-03 7.175239390876259060e-02
1.106583951492603746e-01 5.089655202411478285e-01 -1.430572255147876011e-02 -1.575578229605456917e-02 1.885334376297752579e-01
2.667700088686237453e-02 7.471720309603548937e-01 1.113307430860791536e-01 -6.888941262675499222e-02 2.161744478487648280e-01
5.638696839598745375e-02 4.845404274176167703e-01 5.143558792872586494e-02 -2.400377828400866720e-02 3.107514260169164655e-01
2.743393385438865073e-02 6.611678508007128308e-01 5.625005821459194699e-02 -1.167253605572391439e-01 1.440809519446186182e-01
6.149927163324937079e-02 7.193365027203275641e-01 -1.442073235121233907e-02 2.619277645211142563e-02 1.464552766147725338e-01
7.150616662536689316e-02 5.846755598133893672e-01 -2.408262109664098538e-01 -3.898449667443611849e-02 1.754119419949300429e-01
-1.559963857918353625e-01 5.557486343400981355e-01 -1.165441778780595961e-01 -1.779007523252163284e-02 8.317904938924403080e-02
2.220428640917196383e-01 5.145193417136683101e-01 -5.773612843632228153e-02 7.886097252128795865e-02 3.000539835651228615e-01
-1.549797877546753300e-01 6.302621827907910479e-01 8.530386674240601763e-02 5.632563059497408542e-02 3.252200024454356964e-01
-7.267916652147684078e-03 5.392652204848789044e-01 2.042695338910166802e-01 2.154612217775596916e-01 3.019315833529425674e-01
1.139937907821952784e-01 4.014719983924687208e-01 1.146589745015255263e-01 -2.784247740608977381e-02 1.996846288144112913e-01
-2.405596338960682215e-02 4.363306650174884616e-01 1.595474397070063277e-01 2.920724005141585658e-02 2.714690882714895226e-01
-2.698837520127426309e-02 6.244022704077892838e-01 -1.279035765531256162e-02 9.004846427652167529e-02 2.828295819452765203e-01
-1.852888503478471449e-01 4.451271507919464243e-01 -4.008537919516400039e-02 -4.659175049821718401e-02 1.831119406165618024e-01
-3.941751868849827783e-02 4.976145191081611796e-01 -1.451684202991369022e-01 -3.686391798683884974e-02 1.326789686503734855e-02
3.164409794106546464e-02 3.623265090311962311e-01 1.324126195357073488e-01 -2.102868538631596784e-01 1.794735132814933576e-01
-1.977023479767270608e-01 6.750962957408503939e-01 1.309066319732641315e-01 7.031018658329311888e-02 2.012084186667000285e-01
-7.228020211860487765e-02 6.285245046870622243e-01 1.165844886508490275e-01 -2.817199028170551747e-02 4.227068899929223300e-02
1.429495954805456819e-02 5.071299804133423406e-01 -9.797139181804043195e-02 -4.164252261048843797e-04 2.103649193544147034e-01
1.661658921557779278e-02 6.784239677067634977e-01 9.760361373151961450e-02 -8.999903304180717489e-02 1.602853165434405536e-01
1.212899984137150722e-01 5.435588974334460977e-01 -7.464583331379488762e-02 5.218721681896024145e-02 2.217750941404868503e-01
-5.141388660261987653e-02 6.330734331856199271e-01 -5.328081258280209509e-02 6.275504432438898383e-02 1.781796535850239394e-01
-1.363294270204886728e-02 5.545609566259106504e-01 -9.795369386229875464e-02 -3.649266913152148482e-03 1.509200134220983480e-01
1.458268798374442836e-02 5.004420264962804454e-01 1.129404665326209367e-01 3.065065047777485244e-02 1.013437096045492480e-01
-4.415045256801920261e-03 4.116640477986426849e-01 7.706643604826771132e-02 -4.469461870595822089e-02 2.839888767732476893e-01
2.572282238423100054e-02 2.713461947985647549e-01 5.471872606548031093e-02 8.685859688989079619e-02 3.316055489455121963e-01
-1.194430988150005368e-01 3.762861649560825805e-01 1.891541624218888093e-02 -4.644844200866567879e-02 9.424333189608850858e-02
1.142668994956512613e-01 4.187907502426300166e-01 -9.353030599771168518e-02 4.920985527710985269e-02 1.724228760429185048e-01
-3.417760811411624244e-02 4.284104403857441068e-01 -1.461868757204413949e-02 -1.046833405268806083e-01 1.445687640855405909e-01
2.342387040032022777e-02 5.487773485491520553e-01 1.356863564142455902e-01 -1.223907670966531067e-02 1.161614953594702765e-01
7.469724754777493092e-02 6.809230385836677613e-01 -5.308473914611815114e-02 1.568409039934592214e-02 2.796412933075909102e-02
-6.310078772926206760e-03 3.410646264201595557e-01 -1.257215595197985203e-01 -7.258670190268645683e-02 -9.802884955294792479e-02
-3.232229935668311932e-02 4.711195648694780358e-01 -1.407960402318741144e-01 2.048901816624334737e-01 -2.236221818502456826e-03
-5.342048825172245052e-02 4.904661614653526014e-01 7.128165122422237820e-02 7.055130357549818654e-02 1.850106155999761137e-01
2.220907036298931572e-03 3.178471619556188510e-01 4.279819793423071672e-02 -1.581672628542383219e-01 2.162820508824980226e-01
3.202554277592911582e-03 4.175490332490176537e-01 1.595778892270892715e-02 -8.951456131848969933e-02 1.182411123471625303e-01
3.354428330861853463e-02 4.025246971573114285e-01 1.452132123710478118e-01 -8.779236417195389330e-02 1.451678159264489787e-01
1.370322866720652122e-01 3.402834643843865581e-01 -2.225937356163278091e-01 2.594361268483282371e-02 1.546626196949117960e-01
2.191256506446881136e-01 1.872255808201565008e-01 1.351322702921760321e-01 -9.386448317712080269e-02 1.630315568974213258e-01
-9.468584917726141637e-02 2.812872615428839151e-01 -3.617589128516504604e-02 -3.499228854883443957e-02 5.701660662596822610e-02
-4.177398862479237145e-04 3.986800610341973417e-01 1.367043042652575924e-01 2.002842357986570065e-01 4.715168581172698992e-02
1.302350527112870748e-01 3.004173488163658923e-01 1.233580488139480597e-01 1.368579856180431320e-01 6.834316027357788259e-02
